model	BIC
2,0,3,3,1,2	5.49073173726651
3,0,2,3,1,2	5.49372994295114
2,0,3,3,1,3	5.49786886997534
3,0,3,3,1,2	5.5013751180649
3,0,0,3,1,3	5.51097179485124
3,0,0,2,1,3	5.5162299718943
2,0,1,2,1,3	5.51667586990698
3,0,0,0,1,1	5.52561988769884
2,0,1,0,1,1	5.52656370141037
2,0,2,2,1,3	5.52699456093925
1,0,3,2,1,3	5.52701842626567
1,0,1,3,1,3	5.5282827499593
2,0,0,2,1,3	5.52832146332797
1,0,2,3,1,3	5.52946293979404
3,0,3,3,1,3	5.5295838717783
2,0,2,3,1,3	5.53065917841841
2,0,0,3,1,3	5.53094645327607
3,0,2,2,1,3	5.53124597637731
3,0,0,1,1,1	5.53193640619128
2,0,1,1,1,1	5.53248530668729
3,0,0,2,1,1	5.53263758548769
3,0,0,0,1,2	5.53265597384629
2,0,1,2,1,1	5.53290279386344
2,0,1,0,1,2	5.5332894699212
2,0,3,2,1,3	5.53430223860705
3,0,1,0,1,1	5.53606289636622
2,0,0,0,1,1	5.53619703972
1,0,3,0,1,1	5.53658129556615
2,0,2,0,1,1	5.53675914356517
2,0,1,1,1,2	5.53894128644568
3,0,2,0,1,1	5.53920889049413
1,0,2,2,1,3	5.53948161129836
2,0,0,2,1,1	5.54153936368473
1,0,3,2,1,1	5.54198384940121
2,0,0,1,1,1	5.5420140661559
3,0,1,1,1,1	5.54285752203028
2,0,2,1,1,1	5.54285815146889
2,0,0,0,1,2	5.54288428980788
2,0,2,2,1,1	5.54336744186387
1,0,3,1,1,1	5.54338241025581
3,0,0,2,1,2	5.54345826983648
2,0,2,0,1,2	5.54362855319074
2,0,1,2,1,2	5.5437569646737
3,0,0,3,1,1	5.54376289936684
3,0,1,2,1,1	5.54403804201266
2,0,3,0,1,1	5.54405467405673
1,0,3,0,1,2	5.54407814793171
2,0,1,3,1,1	5.54417953430586
3,0,1,0,1,2	5.54487338555138
3,0,0,1,1,3	5.54498760758209
2,0,1,1,1,3	5.54534189635262
3,0,2,3,1,3	5.54588792844993
3,0,0,1,1,2	5.5459934421022
3,0,3,2,1,3	5.54608879493894
3,0,2,1,1,1	5.54754381051737
3,0,2,0,1,2	5.54789933048841
2,0,0,1,1,2	5.54863258530925
2,0,2,1,1,2	5.54940863434337
3,0,2,2,1,1	5.54955632339667
1,0,1,2,1,3	5.54977146430067
2,0,3,1,1,1	5.55025902715159
2,0,3,0,1,2	5.55100852978059
2,0,3,2,1,1	5.55115571489755
2,0,0,2,1,2	5.55165913921574
2,0,0,3,1,1	5.55212690497386
3,0,3,0,1,1	5.55296399305962
1,0,3,2,1,2	5.55298793687799
2,0,0,1,1,3	5.5534040064183
1,0,3,3,1,1	5.55340483016716
1,0,2,0,1,1	5.55343749651436
2,0,2,2,1,2	5.55419423065942
3,0,1,2,1,2	5.5543608241783
2,0,1,3,1,2	5.55458171371751
2,0,2,3,1,1	5.55458613332408
1,0,3,1,1,3	5.55485384031334
3,0,1,3,1,1	5.55521334690552
2,0,2,1,1,3	5.55577676224
3,0,1,1,1,3	5.55605286548421
3,0,1,1,1,2	5.55648345509599
1,0,3,1,1,2	5.55670059409279
2,0,3,1,1,2	5.55690962872779
3,0,3,1,1,1	5.55728674796124
3,0,2,1,1,2	5.55904339256558
1,0,2,2,1,1	5.55930457899553
3,0,3,0,1,2	5.5596898365935
3,0,2,2,1,2	5.55984131741614
1,0,2,1,1,1	5.56073388627181
3,0,2,1,1,3	5.56084041830385
1,0,2,0,1,2	5.56133443419426
2,0,3,2,1,2	5.56172074729358
2,0,3,3,1,1	5.56210235150777
2,0,0,3,1,2	5.56258322812218
3,0,2,3,1,1	5.56260190015352
3,0,3,2,1,1	5.56287146814256
2,0,3,1,1,3	5.56316226966353
1,0,3,3,1,2	5.56384864985849
3,0,1,2,1,3	5.56421732320872
2,0,2,3,1,2	5.56499765646908
2,0,1,3,1,3	5.56525541995442
3,0,1,3,1,2	5.5658136842222
3,0,3,1,1,2	5.56850001269378
3,0,3,3,1,1	5.56959546878458
1,0,2,2,1,2	5.56970997185599
1,0,2,3,1,1	5.57018714931773
3,0,3,1,1,3	5.57034755412715
1,0,2,1,1,3	5.57138483493366
1,0,2,1,1,2	5.57329621300539
3,0,3,2,1,2	5.57344940326602
1,0,3,3,1,3	5.57931130523853
1,0,2,3,1,2	5.58058358746579
1,0,1,0,1,1	5.58792091383903
1,0,1,2,1,1	5.58836278355315
1,0,1,1,1,1	5.59391494020708
1,0,1,0,1,2	5.59488682701793
1,0,1,2,1,2	5.59780289121476
1,0,1,3,1,1	5.59869497565643
1,0,1,1,1,3	5.60026046996593
1,0,1,1,1,2	5.60731716505544
1,0,1,3,1,2	5.60758887822725
0,0,2,3,1,3	5.61123409121944
0,0,2,3,1,2	5.62931234539465
0,0,2,2,1,3	5.65331782781045
0,0,2,2,1,1	5.6602736315375
0,0,2,2,1,2	5.6734484460298
0,0,2,1,1,1	5.67383332879125
0,0,2,0,1,1	5.67467499034537
0,0,2,3,1,1	5.67516544357228
0,0,2,0,1,2	5.67657585830462
0,0,2,1,1,3	5.67852895348397
0,0,2,1,1,2	5.6952221725347
3,0,0,3,1,0	5.72041890140944
2,0,1,3,1,0	5.72174828948379
1,0,3,3,1,0	5.72669159202695
3,0,2,3,1,0	5.72831830320567
3,0,1,3,1,0	5.72929676526268
2,0,2,3,1,0	5.73198459602382
2,0,0,3,1,0	5.73247093905752
2,0,3,3,1,0	5.73689007459209
1,0,2,3,1,0	5.74364432730502
3,0,3,3,1,0	5.74468980908693
3,0,0,2,1,0	5.76030110450986
1,0,0,3,1,3	5.760917674974
1,0,0,3,1,2	5.76165945301967
2,0,1,2,1,0	5.7618216030385
1,0,3,2,1,0	5.76530900771077
3,0,1,2,1,0	5.76781277301899
1,0,1,3,1,0	5.76909029537631
2,0,0,2,1,0	5.76940854130772
2,0,2,2,1,0	5.77196587253692
3,0,2,2,1,0	5.77521179980743
2,0,3,2,1,0	5.77572650113799
3,0,3,2,1,0	5.78281987307516
1,0,2,2,1,0	5.78381429381786
1,0,1,2,1,0	5.80751248653747
3,0,0,1,1,0	5.81670180490605
2,0,1,1,1,0	5.81766930171764
1,0,3,1,1,0	5.81903403387349
2,0,0,1,1,0	5.82043574512209
3,0,1,1,1,0	5.82410551518024
0,0,1,3,1,2	5.82670706734241
2,0,3,1,1,0	5.82792162242727
2,0,2,1,1,0	5.82798290869782
3,0,2,1,1,0	5.8334161123082
1,0,2,1,1,0	5.83634912886258
3,0,3,1,1,0	5.84102618425025
1,0,1,1,1,0	5.85264938576731
0,0,2,3,1,0	5.86355251713935
1,0,0,2,1,1	5.8895015229865
1,0,0,3,1,1	5.89288594591787
1,0,0,2,1,2	5.89422714942485
0,0,2,2,1,0	5.89657254662339
1,0,0,1,1,3	5.89712916800771
0,0,1,3,1,3	5.90305148346556
1,0,0,2,1,3	5.90466925554517
1,0,0,0,1,1	5.90660181401635
1,0,0,1,1,1	5.91336916773891
1,0,0,0,1,2	5.91444517228324
1,0,0,1,1,2	5.9217388787192196
0,0,2,1,1,0	5.93072691923106
0,0,1,2,1,1	5.94451614867047
0,0,1,2,1,2	5.9464985949818
0,0,1,3,1,1	5.95433100232491
0,0,1,1,1,3	5.95482409455292
0,0,1,2,1,3	5.9584392407502
0,0,1,1,1,2	5.97167055658488
0,0,1,1,1,1	5.98199669643547
0,0,1,0,1,2	5.99256818330306
0,0,1,0,1,1	6.0027896581198
1,0,0,3,1,0	6.0680409732322
3,0,1,0,1,0	6.07056207943535
3,0,2,0,1,0	6.07842062121439
3,0,3,0,1,0	6.08651962558685
1,0,0,2,1,0	6.09358120327332
2,0,1,0,1,0	6.10963770911304
3,0,0,0,1,0	6.10993946458522
1,0,0,1,1,0	6.11272732602513
2,0,0,0,1,0	6.11327026361248
1,0,3,0,1,0	6.11924023949554
2,0,2,0,1,0	6.11993186742187
2,0,3,0,1,0	6.12321653605746
1,0,2,0,1,0	6.14297904430654
0,0,1,3,1,0	6.14948523007101
1,0,1,0,1,0	6.1627972884068
0,0,1,2,1,0	6.17240396714546
0,0,1,1,1,0	6.17933619466206
0,0,2,0,1,0	6.22337190813563
0,0,1,0,1,0	6.45809762954593
1,0,0,0,1,0	6.47221245795727
0,0,0,3,1,3	6.65689648363941
0,0,0,3,1,2	6.75445413847286
0,0,0,2,1,2	6.82071555396443
0,0,0,3,1,1	6.82362118873562
0,0,0,2,1,1	6.82820892429771
0,0,0,1,1,3	6.8292988470422
0,0,0,2,1,3	6.83411202682064
0,0,0,1,1,2	6.8704164540577
0,0,0,1,1,1	6.88005851546956
0,0,0,0,1,2	6.8924165243196
0,0,0,0,1,1	6.90340446721424
0,0,0,3,1,0	7.03422104878585
0,0,0,1,1,0	7.04429360034252
0,0,0,2,1,0	7.04979252194611
0,0,0,0,1,0	7.35517415708975
3,0,0,3,1,2	NA
3,0,1,3,1,3	NA
